5.050 0.000000 nan nan 0.000000
5.100 0.000000 nan nan 0.000000
5.150 0.000000 nan nan 0.000000
5.200 0.000000 nan nan 0.000000
5.250 0.000000 nan nan 0.000000
5.300 0.000000 nan nan 0.000000
5.350 0.000000 nan nan 0.000000
5.400 0.000000 nan nan 0.000000
5.450 0.000000 nan nan 0.000000
5.500 0.000000 nan nan 0.000000
5.550 0.000000 nan nan 0.000000
5.600 0.000000 nan nan 0.000000
5.650 0.000000 nan nan 0.000000
5.700 0.000000 nan nan 0.000000
5.750 0.000000 nan nan 0.000000
5.800 0.000000 nan nan 0.000000
5.850 0.000000 nan nan 0.000000
5.900 0.000000 nan nan 0.000000
5.950 0.000000 nan nan 0.000000
6.000 0.000000 nan nan 0.000000
6.050 0.000000 nan nan 0.000000
6.100 0.000000 nan nan 0.000000
6.150 0.000000 nan nan 0.000000
6.200 0.000000 nan nan 0.000000
6.250 0.000000 nan nan 0.000000
6.300 0.000000 nan nan 0.000000
6.350 0.000000 nan nan 0.000000
6.400 0.000000 nan nan 0.000000
6.450 0.000000 nan nan 0.000000
6.500 0.000000 nan nan 0.000000
6.550 0.000000 nan nan 0.000000
6.600 0.000000 nan nan 0.000000
6.650 0.000000 nan nan 0.000000
6.700 0.000000 nan nan 0.000000
6.750 0.000000 nan nan 0.000000
6.800 0.000000 nan nan 0.000000
6.850 0.000000 nan nan 0.000000
6.900 0.000000 nan nan 0.000000
6.950 0.000000 nan nan 0.000000
7.000 0.000000 nan nan 0.000000
7.050 0.000000 nan nan 0.000000
7.100 0.000000 nan nan 0.000000
7.150 0.000000 nan nan 0.000000
7.200 0.000000 nan nan 0.000000
7.250 0.000000 nan nan 0.000000
7.300 0.000000 nan nan 0.000000
7.350 0.000000 nan nan 0.000000
7.400 0.000000 nan nan 0.000000
7.450 0.000000 nan nan 0.000000
7.500 0.000000 nan nan 0.000000
7.550 0.000000 nan nan 0.000000
7.600 0.000000 nan nan 0.000000
7.650 0.000000 nan nan 0.000000
7.700 0.000000 nan nan 0.000000
7.750 0.000000 nan nan 0.000000
7.800 0.000000 nan nan 0.000000
7.850 0.000000 nan nan 0.000000
7.900 0.000000 nan nan 0.000000
7.950 0.000000 nan nan 0.000000
8.000 0.000000 nan nan 0.000000
8.050 0.000000 nan nan 0.000000
8.100 0.000000 nan nan 0.000000
8.150 0.000000 nan nan 0.000000
8.200 0.000000 nan nan 0.000000
8.250 0.000000 nan nan 0.000000
8.300 0.000000 nan nan 0.000000
8.350 0.000000 nan nan 0.000000
8.400 0.000000 nan nan 0.000000
8.450 0.000000 nan nan 0.000000
8.500 0.000000 nan nan 0.000000
8.550 0.000000 nan nan 0.000000
8.600 0.000000 nan nan 0.000000
8.650 0.000000 nan nan 0.000000
8.700 0.000000 nan nan 0.000000
8.750 0.000000 nan nan 0.000000
8.800 0.000000 nan nan 0.000000
8.850 0.000000 nan nan 0.000000
8.900 0.000000 nan nan 0.000000
8.950 0.000000 nan nan 0.000000
9.000 0.000000 nan nan 0.000000
9.050 0.000000 nan nan 0.000000
9.100 0.000000 nan nan 0.000000
9.150 0.000000 nan nan 0.000000
9.200 0.000000 nan nan 0.000000
9.250 0.000000 nan nan 0.000000
9.300 0.000000 nan nan 0.000000
9.350 0.000074 nan nan 0.000097
9.400 0.000074 nan nan 0.000292
9.450 0.002135 nan nan 0.000584
9.500 0.002576 nan nan 0.001363
9.550 0.004416 nan nan 0.002823
9.600 0.006551 nan nan 0.003212
9.650 0.007361 nan nan 0.003407
9.700 0.009937 nan nan 0.003699
9.750 0.008906 nan nan 0.004283
9.800 0.009274 nan nan 0.003115
9.850 0.010820 nan nan 0.004283
9.900 0.009274 nan nan 0.003796
9.950 0.009421 nan nan 0.004380
10.000 0.006919 nan nan 0.004575
10.050 0.007729 nan nan 0.003991
10.100 0.007140 nan nan 0.004867
10.150 0.006845 nan nan 0.005743
10.200 0.007213 nan nan 0.006911
10.250 0.006404 nan nan 0.006911
10.300 0.006404 nan nan 0.007495
10.350 0.006477 nan nan 0.008663
10.400 0.008023 nan nan 0.008956
10.450 0.008097 nan nan 0.009150
10.500 0.010526 nan nan 0.010318
10.550 0.009348 nan nan 0.011292
10.600 0.011556 nan nan 0.011486
10.650 0.014279 nan nan 0.010026
10.700 0.013249 nan nan 0.010805
10.750 0.012955 nan nan 0.011000
10.800 0.013764 nan nan 0.009442
10.850 0.012071 nan nan 0.009345
10.900 0.013470 nan nan 0.008469
10.950 0.013396 nan nan 0.006717
11.000 0.011262 nan nan 0.005743
11.050 0.009716 nan nan 0.005549
11.100 0.009789 nan nan 0.004186
11.150 0.008391 nan nan 0.005159
11.200 0.008465 nan nan 0.003894
11.250 0.004637 nan nan 0.003018
11.300 0.003533 nan nan 0.002920
11.350 0.004416 nan nan 0.002239
11.400 0.004195 nan nan 0.002726
11.450 0.003165 nan nan 0.001850
11.500 0.002576 nan nan 0.002044
11.550 0.002061 nan nan 0.000973
11.600 0.001546 nan nan 0.000681
11.650 0.000736 nan nan 0.001460
11.700 0.001030 nan nan 0.001071
11.750 0.000883 nan nan 0.001168
11.800 0.001030 nan nan 0.000876
11.850 0.000736 nan nan 0.000681
11.900 0.000957 nan nan 0.000292
11.950 0.000442 nan nan 0.001071
12.000 0.000515 nan nan 0.000389
12.050 0.000736 nan nan 0.000584
12.100 0.000883 nan nan 0.001265
12.150 0.000294 nan nan 0.001168
12.200 0.000368 nan nan 0.000681
12.250 0.000589 nan nan 0.000389
12.300 0.000515 nan nan 0.000876
12.350 0.000515 nan nan 0.000779
12.400 0.000589 nan nan 0.000973
12.450 0.000442 nan nan 0.000681
12.500 0.000810 nan nan 0.000876
12.550 0.000515 nan nan 0.001168
12.600 0.000147 nan nan 0.000876
12.650 0.000883 nan nan 0.000584
12.700 0.000442 nan nan 0.001557
12.750 0.000883 nan nan 0.001265
12.800 0.000294 nan nan 0.001655
12.850 0.000662 nan nan 0.001265
12.900 0.000736 nan nan 0.001655
12.950 0.000662 nan nan 0.001655
13.000 0.000957 nan nan 0.001947
13.050 0.001398 nan nan 0.002239
13.100 0.001178 nan nan 0.003018
13.150 0.000810 nan nan 0.001655
13.200 0.001546 nan nan 0.002434
13.250 0.001619 nan nan 0.002336
13.300 0.001104 nan nan 0.003407
13.350 0.001472 nan nan 0.003018
13.400 0.001767 nan nan 0.002044
13.450 0.001619 nan nan 0.003894
13.500 0.001767 nan nan 0.003991
13.550 0.001030 nan nan 0.002531
13.600 0.001619 nan nan 0.004186
13.650 0.002208 nan nan 0.003796
13.700 0.001767 nan nan 0.004088
13.750 0.001104 nan nan 0.003504
13.800 0.001325 nan nan 0.003796
13.850 0.001767 nan nan 0.002239
13.900 0.001251 nan nan 0.002044
13.950 0.001472 nan nan 0.002628
14.000 0.000810 nan nan 0.001947
14.050 0.001104 nan nan 0.001947
14.100 0.001398 nan nan 0.000876
14.150 0.000883 nan nan 0.000779
14.200 0.000810 nan nan 0.000876
14.250 0.000515 nan nan 0.000584
14.300 0.000662 nan nan 0.000779
14.350 0.000662 nan nan 0.000584
14.400 0.000515 nan nan 0.000584
14.450 0.000221 nan nan 0.000487
14.500 0.000589 nan nan 0.000389
14.550 0.000589 nan nan 0.000584
14.600 0.000883 nan nan 0.000584
14.650 0.000810 nan nan 0.000876
14.700 0.001251 nan nan 0.000681
14.750 0.001398 nan nan 0.001168
14.800 0.001251 nan nan 0.000487
14.850 0.001619 nan nan 0.000876
14.900 0.001546 nan nan 0.001655
14.950 0.002503 nan nan 0.000681
15.000 0.002208 nan nan 0.001557
15.050 0.002355 nan nan 0.001655
15.100 0.003901 nan nan 0.001752
15.150 0.003165 nan nan 0.001752
15.200 0.002871 nan nan 0.001850
15.250 0.004343 nan nan 0.002531
15.300 0.004269 nan nan 0.001947
15.350 0.003827 nan nan 0.002628
15.400 0.004343 nan nan 0.002726
15.450 0.005152 nan nan 0.002823
15.500 0.005005 nan nan 0.003504
15.550 0.004416 nan nan 0.003115
15.600 0.004490 nan nan 0.003504
15.650 0.005447 nan nan 0.002726
15.700 0.004195 nan nan 0.002920
15.750 0.004784 nan nan 0.003212
15.800 0.004858 nan nan 0.003602
15.850 0.005520 nan nan 0.003991
15.900 0.003975 nan nan 0.004575
15.950 0.003680 nan nan 0.002823
16.000 0.004269 nan nan 0.003504
16.050 0.004637 nan nan 0.003212
16.100 0.005300 nan nan 0.002726
16.150 0.005373 nan nan 0.003699
16.200 0.004490 nan nan 0.004575
16.250 0.005079 nan nan 0.004380
16.300 0.005520 nan nan 0.003991
16.350 0.005300 nan nan 0.004964
16.400 0.004490 nan nan 0.006230
16.450 0.005079 nan nan 0.004770
16.500 0.004122 nan nan 0.006035
16.550 0.005300 nan nan 0.006035
16.600 0.004932 nan nan 0.006327
16.650 0.004858 nan nan 0.006911
16.700 0.004637 nan nan 0.006230
16.750 0.003680 nan nan 0.006133
16.800 0.003827 nan nan 0.007690
16.850 0.004490 nan nan 0.006911
16.900 0.004343 nan nan 0.008274
16.950 0.003827 nan nan 0.006522
17.000 0.004416 nan nan 0.009540
17.050 0.004343 nan nan 0.009150
17.100 0.005152 nan nan 0.010416
17.150 0.004932 nan nan 0.009345
17.200 0.004711 nan nan 0.007787
17.250 0.005005 nan nan 0.008663
17.300 0.005226 nan nan 0.009150
17.350 0.005079 nan nan 0.009345
17.400 0.006330 nan nan 0.007885
17.450 0.006404 nan nan 0.008761
17.500 0.007508 nan nan 0.011000
17.550 0.005888 nan nan 0.009442
17.600 0.007581 nan nan 0.009053
17.650 0.007729 nan nan 0.011778
17.700 0.008023 nan nan 0.009442
17.750 0.009569 nan nan 0.012070
17.800 0.008097 nan nan 0.010124
17.850 0.009937 nan nan 0.012070
17.900 0.010526 nan nan 0.013725
17.950 0.011482 nan nan 0.013044
18.000 0.014427 nan nan 0.013628
18.050 0.012145 nan nan 0.014017
18.100 0.013985 nan nan 0.015867
18.150 0.017444 nan nan 0.015477
18.200 0.017076 nan nan 0.015964
18.250 0.015604 nan nan 0.014601
18.300 0.015604 nan nan 0.013336
18.350 0.017812 nan nan 0.016451
18.400 0.015383 nan nan 0.017424
18.450 0.015089 nan nan 0.013433
18.500 0.015236 nan nan 0.013044
18.550 0.016561 nan nan 0.012460
18.600 0.012881 nan nan 0.014212
18.650 0.012734 nan nan 0.011194
18.700 0.010746 nan nan 0.012460
18.750 0.010746 nan nan 0.013823
18.800 0.011041 nan nan 0.016256
18.850 0.009642 nan nan 0.013044
18.900 0.007066 nan nan 0.014699
18.950 0.007949 nan nan 0.016840
